zzqsa <- 2314345
