zzqsa <- 2314345
hi <- "hello!"
